service_id,monday,tuesday,wednesday,thursday,friday,saturday,sunday,start_date,end_date
service_1190998091_531,0,0,0,0,0,0,0,20150101,20151231
service_2450955824_531,0,0,0,0,0,0,0,20150101,20151231
service_554038318_531,0,0,0,0,0,0,0,20150101,20151231
service_2222381373_531,0,0,0,0,0,0,0,20150101,20151231
service_536665660_531,0,0,0,0,0,0,0,20150101,20151231
service_1777890337_531,0,0,0,0,0,0,0,20150101,20151231
service_3248543429_531,0,0,0,0,0,0,0,20150101,20151231
service_4027471675_531,0,0,0,0,0,0,0,20150101,20151231
service_1587153220_531,0,0,0,0,0,0,0,20150101,20151231
service_3594338300_531,0,0,0,0,0,0,0,20150101,20151231
service_172079546_531,0,0,0,0,0,0,0,20150101,20151231
service_2473681897_531,0,0,0,0,0,0,0,20150101,20151231
service_2556754676_531,0,0,0,0,0,0,0,20150101,20151231
service_2219226861_531,0,0,0,0,0,0,0,20150101,20151231
service_3586844433_531,0,0,0,0,0,0,0,20150101,20151231
service_3447477045_531,0,0,0,0,0,0,0,20150101,20151231
service_4082583694_531,0,0,0,0,0,0,0,20150101,20151231
service_113757818_531,0,0,0,0,0,0,0,20150101,20151231
service_3193818081_531,0,0,0,0,0,0,0,20150101,20151231
service_3821904766_531,0,0,0,0,0,0,0,20150101,20151231
service_1805207479_531,0,0,0,0,0,0,0,20150101,20151231
service_4242985878_531,0,0,0,0,0,0,0,20150101,20151231
service_283357120_531,0,0,0,0,0,0,0,20150101,20151231
service_3637133401_531,0,0,0,0,0,0,0,20150101,20151231
service_2004943296_531,0,0,0,0,0,0,0,20150101,20151231
service_2834804272_531,0,0,0,0,0,0,0,20150101,20151231
service_805777447_531,0,0,0,0,0,0,0,20150101,20151231
service_1692734618_531,0,0,0,0,0,0,0,20150101,20151231
service_1434265781_531,0,0,0,0,0,0,0,20150101,20151231
service_2820303291_531,0,0,0,0,0,0,0,20150101,20151231
service_3412415916_531,0,0,0,0,0,0,0,20150101,20151231
service_2933346195_531,0,0,0,0,0,0,0,20150101,20151231
service_773456797_531,0,0,0,0,0,0,0,20150101,20151231
service_3641622932_531,0,0,0,0,0,0,0,20150101,20151231
service_2743760488_531,0,0,0,0,0,0,0,20150101,20151231
service_455876676_531,0,0,0,0,0,0,0,20150101,20151231
service_1840441653_531,0,0,0,0,0,0,0,20150101,20151231
service_1891449073_531,0,0,0,0,0,0,0,20150101,20151231
service_3792450189_531,0,0,0,0,0,0,0,20150101,20151231
service_3412866600_531,0,0,0,0,0,0,0,20150101,20151231
service_1140851720_531,0,0,0,0,0,0,0,20150101,20151231
service_496153791_531,0,0,0,0,0,0,0,20150101,20151231
service_10426998_531,0,0,0,0,0,0,0,20150101,20151231
service_3144430423_531,0,0,0,0,0,0,0,20150101,20151231
service_664564095_531,0,0,0,0,0,0,0,20150101,20151231
service_3478460872_531,0,0,0,0,0,0,0,20150101,20151231
service_1255295811_531,0,0,0,0,0,0,0,20150101,20151231
service_466051351_531,0,0,0,0,0,0,0,20150101,20151231
service_1736062090_531,0,0,0,0,0,0,0,20150101,20151231
service_1285006744_531,0,0,0,0,0,0,0,20150101,20151231
service_4440148_531,0,0,0,0,0,0,0,20150101,20151231
service_1454979936_531,0,0,0,0,0,0,0,20150101,20151231
service_3057745121_531,0,0,0,0,0,0,0,20150101,20151231
service_1416485902_531,0,0,0,0,0,0,0,20150101,20151231
service_2566706904_531,0,0,0,0,0,0,0,20150101,20151231
service_595775813_531,0,0,0,0,0,0,0,20150101,20151231
service_4148250272_531,0,0,0,0,0,0,0,20150101,20151231
service_839550689_531,0,0,0,0,0,0,0,20150101,20151231
service_4050302262_531,0,0,0,0,0,0,0,20150101,20151231
service_1938397936_531,0,0,0,0,0,0,0,20150101,20151231
service_1148176296_531,0,0,0,0,0,0,0,20150101,20151231
service_2240612018_531,0,0,0,0,0,0,0,20150101,20151231
service_3566169258_531,0,0,0,0,0,0,0,20150101,20151231
service_844845183_531,0,0,0,0,0,0,0,20150101,20151231
service_2902566742_531,0,0,0,0,0,0,0,20150101,20151231
service_2911153138_531,0,0,0,0,0,0,0,20150101,20151231
service_2363026869_531,0,0,0,0,0,0,0,20150101,20151231
service_3557640939_531,0,0,0,0,0,0,0,20150101,20151231
service_3447933364_531,0,0,0,0,0,0,0,20150101,20151231
service_2975179091_531,0,0,0,0,0,0,0,20150101,20151231
service_1810717463_531,0,0,0,0,0,0,0,20150101,20151231
service_548864203_531,0,0,0,0,0,0,0,20150101,20151231
service_4036812211_531,0,0,0,0,0,0,0,20150101,20151231
service_848217253_531,0,0,0,0,0,0,0,20150101,20151231
service_831472760_531,0,0,0,0,0,0,0,20150101,20151231
service_914574934_531,0,0,0,0,0,0,0,20150101,20151231
service_879004790_531,0,0,0,0,0,0,0,20150101,20151231
service_766459742_531,0,0,0,0,0,0,0,20150101,20151231
service_3108043686_531,0,0,0,0,0,0,0,20150101,20151231
service_1276272664_531,0,0,0,0,0,0,0,20150101,20151231
service_2339534933_531,0,0,0,0,0,0,0,20150101,20151231
service_2241957903_531,0,0,0,0,0,0,0,20150101,20151231
service_3521274642_531,0,0,0,0,0,0,0,20150101,20151231
service_3190580399_531,0,0,0,0,0,0,0,20150101,20151231
service_1878694988_531,0,0,0,0,0,0,0,20150101,20151231
service_3978617882_531,0,0,0,0,0,0,0,20150101,20151231
service_271434269_531,0,0,0,0,0,0,0,20150101,20151231
service_88295419_531,0,0,0,0,0,0,0,20150101,20151231
service_3802086625_531,0,0,0,0,0,0,0,20150101,20151231
service_1571096352_531,0,0,0,0,0,0,0,20150101,20151231
service_3714754944_531,0,0,0,0,0,0,0,20150101,20151231
service_1562011850_531,0,0,0,0,0,0,0,20150101,20151231
service_1279824444_531,0,0,0,0,0,0,0,20150101,20151231
service_353964639_531,0,0,0,0,0,0,0,20150101,20151231
service_998664530_531,0,0,0,0,0,0,0,20150101,20151231
service_1182479680_531,0,0,0,0,0,0,0,20150101,20151231
service_181891390_531,0,0,0,0,0,0,0,20150101,20151231
service_1253234928_531,0,0,0,0,0,0,0,20150101,20151231
service_4023392174_531,0,0,0,0,0,0,0,20150101,20151231
service_1206438398_531,0,0,0,0,0,0,0,20150101,20151231
service_1021185859_531,0,0,0,0,0,0,0,20150101,20151231
service_2463958287_531,0,0,0,0,0,0,0,20150101,20151231
service_3610221584_531,0,0,0,0,0,0,0,20150101,20151231
service_2736526718_531,0,0,0,0,0,0,0,20150101,20151231
service_1910497544_531,0,0,0,0,0,0,0,20150101,20151231
service_1671378785_531,0,0,0,0,0,0,0,20150101,20151231
service_1882084465_531,0,0,0,0,0,0,0,20150101,20151231
service_1024916145_531,0,0,0,0,0,0,0,20150101,20151231
service_1348569104_531,0,0,0,0,0,0,0,20150101,20151231
service_1449025989_531,0,0,0,0,0,0,0,20150101,20151231
service_2964468689_531,0,0,0,0,0,0,0,20150101,20151231
service_4263435926_531,0,0,0,0,0,0,0,20150101,20151231
service_1909377685_531,0,0,0,0,0,0,0,20150101,20151231
service_1526901965_531,0,0,0,0,0,0,0,20150101,20151231
service_85149666_531,0,0,0,0,0,0,0,20150101,20151231
service_917504823_531,0,0,0,0,0,0,0,20150101,20151231
service_3040642485_531,0,0,0,0,0,0,0,20150101,20151231
service_773402014_531,0,0,0,0,0,0,0,20150101,20151231
service_63875348_531,0,0,0,0,0,0,0,20150101,20151231
service_1542751409_531,0,0,0,0,0,0,0,20150101,20151231
service_1526318736_531,0,0,0,0,0,0,0,20150101,20151231
service_1249564312_531,0,0,0,0,0,0,0,20150101,20151231
service_4179101679_531,0,0,0,0,0,0,0,20150101,20151231
service_2919307549_531,0,0,0,0,0,0,0,20150101,20151231
service_2808075137_531,0,0,0,0,0,0,0,20150101,20151231
service_1872519514_531,0,0,0,0,0,0,0,20150101,20151231
service_1576131103_531,0,0,0,0,0,0,0,20150101,20151231
service_278119398_531,0,0,0,0,0,0,0,20150101,20151231
service_857862309_531,0,0,0,0,0,0,0,20150101,20151231
service_1240839129_531,0,0,0,0,0,0,0,20150101,20151231
service_1621540043_531,0,0,0,0,0,0,0,20150101,20151231
service_2268131672_531,0,0,0,0,0,0,0,20150101,20151231
service_3738693189_531,0,0,0,0,0,0,0,20150101,20151231
service_1937168806_531,0,0,0,0,0,0,0,20150101,20151231
service_1475143122_531,0,0,0,0,0,0,0,20150101,20151231
service_3076597979_531,0,0,0,0,0,0,0,20150101,20151231
service_2526755236_531,0,0,0,0,0,0,0,20150101,20151231
service_1632903018_531,0,0,0,0,0,0,0,20150101,20151231
service_2383811870_531,0,0,0,0,0,0,0,20150101,20151231
service_120108681_531,0,0,0,0,0,0,0,20150101,20151231
service_211295740_531,0,0,0,0,0,0,0,20150101,20151231
service_2513526892_531,0,0,0,0,0,0,0,20150101,20151231
service_3430132453_531,0,0,0,0,0,0,0,20150101,20151231
service_315265150_531,0,0,0,0,0,0,0,20150101,20151231
service_3117227221_531,0,0,0,0,0,0,0,20150101,20151231
service_3922208176_531,0,0,0,0,0,0,0,20150101,20151231
service_3675649261_531,0,0,0,0,0,0,0,20150101,20151231
service_3849224998_531,0,0,0,0,0,0,0,20150101,20151231
service_1372470038_531,0,0,0,0,0,0,0,20150101,20151231
service_1781713977_531,0,0,0,0,0,0,0,20150101,20151231
service_2532319967_531,0,0,0,0,0,0,0,20150101,20151231
service_3434156042_531,0,0,0,0,0,0,0,20150101,20151231
service_1414194397_531,0,0,0,0,0,0,0,20150101,20151231
service_35903759_531,0,0,0,0,0,0,0,20150101,20151231
service_480902991_531,0,0,0,0,0,0,0,20150101,20151231
service_2075611735_531,0,0,0,0,0,0,0,20150101,20151231
service_4134445770_531,0,0,0,0,0,0,0,20150101,20151231
service_631112009_531,0,0,0,0,0,0,0,20150101,20151231
service_3307996862_531,0,0,0,0,0,0,0,20150101,20151231
service_3802051219_531,0,0,0,0,0,0,0,20150101,20151231
service_1708692336_531,0,0,0,0,0,0,0,20150101,20151231
service_3014863039_531,0,0,0,0,0,0,0,20150101,20151231
service_1131124146_531,0,0,0,0,0,0,0,20150101,20151231
service_4256034476_531,0,0,0,0,0,0,0,20150101,20151231
service_1886162702_531,0,0,0,0,0,0,0,20150101,20151231
service_537153669_531,0,0,0,0,0,0,0,20150101,20151231
service_520891282_531,0,0,0,0,0,0,0,20150101,20151231
service_3673461163_531,0,0,0,0,0,0,0,20150101,20151231
service_181329230_531,0,0,0,0,0,0,0,20150101,20151231
service_3426054757_531,0,0,0,0,0,0,0,20150101,20151231
service_2094240233_531,0,0,0,0,0,0,0,20150101,20151231
service_842446531_531,0,0,0,0,0,0,0,20150101,20151231
service_817873745_531,0,0,0,0,0,0,0,20150101,20151231
service_4211639293_531,0,0,0,0,0,0,0,20150101,20151231
service_444670148_531,0,0,0,0,0,0,0,20150101,20151231
service_1171431520_531,0,0,0,0,0,0,0,20150101,20151231
service_4167901897_531,0,0,0,0,0,0,0,20150101,20151231
service_3976894581_531,0,0,0,0,0,0,0,20150101,20151231
service_1591094474_531,0,0,0,0,0,0,0,20150101,20151231
service_2440518444_531,0,0,0,0,0,0,0,20150101,20151231
service_4279748026_531,0,0,0,0,0,0,0,20150101,20151231
service_3040011272_531,0,0,0,0,0,0,0,20150101,20151231
service_1386924451_531,0,0,0,0,0,0,0,20150101,20151231
service_1012591175_531,0,0,0,0,0,0,0,20150101,20151231
service_2246215991_531,0,0,0,0,0,0,0,20150101,20151231
service_797794060_531,0,0,0,0,0,0,0,20150101,20151231
service_3863702771_531,0,0,0,0,0,0,0,20150101,20151231
service_1138673255_531,0,0,0,0,0,0,0,20150101,20151231
service_1428724698_531,0,0,0,0,0,0,0,20150101,20151231
service_831206098_531,0,0,0,0,0,0,0,20150101,20151231
service_3613807029_531,0,0,0,0,0,0,0,20150101,20151231
service_3285699938_531,0,0,0,0,0,0,0,20150101,20151231
service_228556543_531,0,0,0,0,0,0,0,20150101,20151231
service_2375376514_531,0,0,0,0,0,0,0,20150101,20151231
service_1566845028_531,0,0,0,0,0,0,0,20150101,20151231
service_3608848920_531,0,0,0,0,0,0,0,20150101,20151231
service_1492405631_531,0,0,0,0,0,0,0,20150101,20151231
service_3480328297_531,0,0,0,0,0,0,0,20150101,20151231
service_4225292444_531,0,0,0,0,0,0,0,20150101,20151231
service_3263663145_531,0,0,0,0,0,0,0,20150101,20151231
service_1416378671_531,0,0,0,0,0,0,0,20150101,20151231
service_2554681762_531,0,0,0,0,0,0,0,20150101,20151231
service_3018278375_531,0,0,0,0,0,0,0,20150101,20151231
service_2437485135_531,0,0,0,0,0,0,0,20150101,20151231
service_1349668018_531,0,0,0,0,0,0,0,20150101,20151231
service_1098177264_531,0,0,0,0,0,0,0,20150101,20151231
service_1534441701_531,0,0,0,0,0,0,0,20150101,20151231
service_4023712908_531,0,0,0,0,0,0,0,20150101,20151231
service_2049631929_531,0,0,0,0,0,0,0,20150101,20151231
service_2759802864_531,0,0,0,0,0,0,0,20150101,20151231
service_445414661_531,0,0,0,0,0,0,0,20150101,20151231
service_1036656794_531,0,0,0,0,0,0,0,20150101,20151231
service_565089429_531,0,0,0,0,0,0,0,20150101,20151231
service_2977948779_531,0,0,0,0,0,0,0,20150101,20151231
service_1694156193_531,0,0,0,0,0,0,0,20150101,20151231
